339 0.52 0.0 0.0
340 0.52 0.04 0.0
341 0.52 0.08 0.0
342 0.52 0.12 0.0
343 0.52 0.16 0.0
344 0.52 0.2 0.0
345 0.52 0.24 0.0
346 0.52 0.28 0.0
347 0.52 0.32 0.0
348 0.52 0.36 0.0
349 0.52 0.4 0.0
350 0.52 0.44 0.0
351 0.52 0.48 0.0
352 0.52 0.52 0.0
353 0.52 0.56 0.0
354 0.52 0.6 0.0
355 0.52 0.64 0.0
356 0.52 0.68 0.0
357 0.52 0.72 0.0
358 0.52 0.76 0.0
359 0.52 0.8 0.0
360 0.52 0.84 0.0
361 0.52 0.88 0.0
362 0.52 0.92 0.0
363 0.52 0.96 0.0
364 0.52 1.0 0.0
365 0.56 0.0 0.0
366 0.56 0.04 0.0
367 0.56 0.08 0.0
368 0.56 0.12 0.0
369 0.56 0.16 0.0
370 0.56 0.2 0.0
371 0.56 0.24 0.0
372 0.56 0.28 0.0
373 0.56 0.32 0.0
374 0.56 0.36 0.0
375 0.56 0.4 0.0
376 0.56 0.44 0.0
377 0.56 0.48 0.0
378 0.56 0.52 0.0
379 0.56 0.56 0.0
380 0.56 0.6 0.0
381 0.56 0.64 0.0
382 0.56 0.68 0.0
383 0.56 0.72 0.0
384 0.56 0.76 0.0
385 0.56 0.8 0.0
386 0.56 0.84 0.0
387 0.56 0.88 0.0
388 0.56 0.92 0.0
389 0.56 0.96 0.0
390 0.56 1.0 0.0
391 0.6 0.0 0.0
392 0.6 0.04 0.0
393 0.6 0.08 0.0
394 0.6 0.12 0.0
395 0.6 0.16 0.0
396 0.6 0.2 0.0
397 0.6 0.24 0.0
398 0.6 0.28 0.0
399 0.6 0.32 0.0
400 0.6 0.36 0.0
401 0.6 0.4 0.0
402 0.6 0.44 0.0
403 0.6 0.48 0.0
404 0.6 0.52 0.0
405 0.6 0.56 0.0
406 0.6 0.6 0.0
407 0.6 0.64 0.0
408 0.6 0.68 0.0
409 0.6 0.72 0.0
410 0.6 0.76 0.0
411 0.6 0.8 0.0
412 0.6 0.84 0.0
413 0.6 0.88 0.0
414 0.6 0.92 0.0
415 0.6 0.96 0.0
416 0.6 1.0 0.0
417 0.64 0.0 0.0
418 0.64 0.04 0.0
419 0.64 0.08 0.0
420 0.64 0.12 0.0
421 0.64 0.16 0.0
422 0.64 0.2 0.0
423 0.64 0.24 0.0
424 0.64 0.28 0.0
425 0.64 0.32 0.0
426 0.64 0.36 0.0
427 0.64 0.4 0.0
428 0.64 0.44 0.0
429 0.64 0.48 0.0
430 0.64 0.52 0.0
431 0.64 0.56 0.0
432 0.64 0.6 0.0
433 0.64 0.64 0.0
434 0.64 0.68 0.0
435 0.64 0.72 0.0
436 0.64 0.76 0.0
437 0.64 0.8 0.0
438 0.64 0.84 0.0
439 0.64 0.88 0.0
440 0.64 0.92 0.0
441 0.64 0.96 0.0
442 0.64 1.0 0.0
443 0.68 0.0 0.0
444 0.68 0.04 0.0
445 0.68 0.08 0.0
446 0.68 0.12 0.0
447 0.68 0.16 0.0
448 0.68 0.2 0.0
449 0.68 0.24 0.0
450 0.68 0.28 0.0
451 0.68 0.32 0.0
452 0.68 0.36 0.0
453 0.68 0.4 0.0
454 0.68 0.44 0.0
455 0.68 0.48 0.0
456 0.68 0.52 0.0
457 0.68 0.56 0.0
458 0.68 0.6 0.0
459 0.68 0.64 0.0
460 0.68 0.68 0.0
461 0.68 0.72 0.0
462 0.68 0.76 0.0
463 0.68 0.8 0.0
464 0.68 0.84 0.0
465 0.68 0.88 0.0
466 0.68 0.92 0.0
467 0.68 0.96 0.0
468 0.68 1.0 0.0
469 0.72 0.0 0.0
470 0.72 0.04 0.0
471 0.72 0.08 0.0
472 0.72 0.12 0.0
473 0.72 0.16 0.0
474 0.72 0.2 0.0
475 0.72 0.24 0.0
476 0.72 0.28 0.0
477 0.72 0.32 0.0
478 0.72 0.36 0.0
479 0.72 0.4 0.0
480 0.72 0.44 0.0
481 0.72 0.48 0.0
482 0.72 0.52 0.0
483 0.72 0.56 0.0
484 0.72 0.6 0.0
485 0.72 0.64 0.0
486 0.72 0.68 0.0
487 0.72 0.72 0.0
488 0.72 0.76 0.0
489 0.72 0.8 0.0
490 0.72 0.84 0.0
491 0.72 0.88 0.0
492 0.72 0.92 0.0
493 0.72 0.96 0.0
494 0.72 1.0 0.0
495 0.76 0.0 0.0
496 0.76 0.04 0.0
497 0.76 0.08 0.0
498 0.76 0.12 0.0
499 0.76 0.16 0.0
500 0.76 0.2 0.0
501 0.76 0.24 0.0
502 0.76 0.28 0.0
503 0.76 0.32 0.0
504 0.76 0.36 0.0
505 0.76 0.4 0.0
506 0.76 0.44 0.0
507 0.76 0.48 0.0
508 0.76 0.52 0.0
509 0.76 0.56 0.0
510 0.76 0.6 0.0
511 0.76 0.64 0.0
512 0.76 0.68 0.0
513 0.76 0.72 0.0
514 0.76 0.76 0.0
515 0.76 0.8 0.0
516 0.76 0.84 0.0
517 0.76 0.88 0.0
518 0.76 0.92 0.0
519 0.76 0.96 0.0
520 0.76 1.0 0.0
521 0.8 0.0 0.0
522 0.8 0.04 0.0
523 0.8 0.08 0.0
524 0.8 0.12 0.0
525 0.8 0.16 0.0
526 0.8 0.2 0.0
527 0.8 0.24 0.0
528 0.8 0.28 0.0
529 0.8 0.32 0.0
530 0.8 0.36 0.0
531 0.8 0.4 0.0
532 0.8 0.44 0.0
533 0.8 0.48 0.0
534 0.8 0.52 0.0
535 0.8 0.56 0.0
536 0.8 0.6 0.0
537 0.8 0.64 0.0
538 0.8 0.68 0.0
539 0.8 0.72 0.0
540 0.8 0.76 0.0
541 0.8 0.8 0.0
542 0.8 0.84 0.0
543 0.8 0.88 0.0
544 0.8 0.92 0.0
545 0.8 0.96 0.0
546 0.8 1.0 0.0
547 0.84 0.0 0.0
548 0.84 0.04 0.0
549 0.84 0.08 0.0
550 0.84 0.12 0.0
551 0.84 0.16 0.0
552 0.84 0.2 0.0
553 0.84 0.24 0.0
554 0.84 0.28 0.0
555 0.84 0.32 0.0
556 0.84 0.36 0.0
557 0.84 0.4 0.0
558 0.84 0.44 0.0
559 0.84 0.48 0.0
560 0.84 0.52 0.0
561 0.84 0.56 0.0
562 0.84 0.6 0.0
563 0.84 0.64 0.0
564 0.84 0.68 0.0
565 0.84 0.72 0.0
566 0.84 0.76 0.0
567 0.84 0.8 0.0
568 0.84 0.84 0.0
569 0.84 0.88 0.0
570 0.84 0.92 0.0
571 0.84 0.96 0.0
572 0.84 1.0 0.0
573 0.88 0.0 0.0
574 0.88 0.04 0.0
575 0.88 0.08 0.0
576 0.88 0.12 0.0
577 0.88 0.16 0.0
578 0.88 0.2 0.0
579 0.88 0.24 0.0
580 0.88 0.28 0.0
581 0.88 0.32 0.0
582 0.88 0.36 0.0
583 0.88 0.4 0.0
584 0.88 0.44 0.0
585 0.88 0.48 0.0
586 0.88 0.52 0.0
587 0.88 0.56 0.0
588 0.88 0.6 0.0
589 0.88 0.64 0.0
590 0.88 0.68 0.0
591 0.88 0.72 0.0
592 0.88 0.76 0.0
593 0.88 0.8 0.0
594 0.88 0.84 0.0
595 0.88 0.88 0.0
596 0.88 0.92 0.0
597 0.88 0.96 0.0
598 0.88 1.0 0.0
599 0.92 0.0 0.0
600 0.92 0.04 0.0
601 0.92 0.08 0.0
602 0.92 0.12 0.0
603 0.92 0.16 0.0
604 0.92 0.2 0.0
605 0.92 0.24 0.0
606 0.92 0.28 0.0
607 0.92 0.32 0.0
608 0.92 0.36 0.0
609 0.92 0.4 0.0
610 0.92 0.44 0.0
611 0.92 0.48 0.0
612 0.92 0.52 0.0
613 0.92 0.56 0.0
614 0.92 0.6 0.0
615 0.92 0.64 0.0
616 0.92 0.68 0.0
617 0.92 0.72 0.0
618 0.92 0.76 0.0
619 0.92 0.8 0.0
620 0.92 0.84 0.0
621 0.92 0.88 0.0
622 0.92 0.92 0.0
623 0.92 0.96 0.0
624 0.92 1.0 0.0
625 0.96 0.0 0.0
626 0.96 0.04 0.0
627 0.96 0.08 0.0
628 0.96 0.12 0.0
629 0.96 0.16 0.0
630 0.96 0.2 0.0
631 0.96 0.24 0.0
632 0.96 0.28 0.0
633 0.96 0.32 0.0
634 0.96 0.36 0.0
635 0.96 0.4 0.0
636 0.96 0.44 0.0
637 0.96 0.48 0.0
638 0.96 0.52 0.0
639 0.96 0.56 0.0
640 0.96 0.6 0.0
641 0.96 0.64 0.0
642 0.96 0.68 0.0
643 0.96 0.72 0.0
644 0.96 0.76 0.0
645 0.96 0.8 0.0
646 0.96 0.84 0.0
647 0.96 0.88 0.0
648 0.96 0.92 0.0
649 0.96 0.96 0.0
650 0.96 1.0 0.0
651 1.0 0.0 0.0
652 1.0 0.04 0.0
653 1.0 0.08 0.0
654 1.0 0.12 0.0
655 1.0 0.16 0.0
656 1.0 0.2 0.0
657 1.0 0.24 0.0
658 1.0 0.28 0.0
659 1.0 0.32 0.0
660 1.0 0.36 0.0
661 1.0 0.4 0.0
662 1.0 0.44 0.0
663 1.0 0.48 0.0
664 1.0 0.52 0.0
665 1.0 0.56 0.0
666 1.0 0.6 0.0
667 1.0 0.64 0.0
668 1.0 0.68 0.0
669 1.0 0.72 0.0
670 1.0 0.76 0.0
671 1.0 0.8 0.0
672 1.0 0.84 0.0
673 1.0 0.88 0.0
674 1.0 0.92 0.0
675 1.0 0.96 0.0
676 1.0 1.0 0.0
677 1.04 0.0 0.0
678 1.04 0.04 0.0
679 1.04 0.08 0.0
680 1.04 0.12 0.0
681 1.04 0.16 0.0
682 1.04 0.2 0.0
683 1.04 0.24 0.0
684 1.04 0.28 0.0
685 1.04 0.32 0.0
686 1.04 0.36 0.0
687 1.04 0.4 0.0
688 1.04 0.44 0.0
689 1.04 0.48 0.0
690 1.04 0.52 0.0
691 1.04 0.56 0.0
692 1.04 0.6 0.0
693 1.04 0.64 0.0
694 1.04 0.68 0.0
695 1.04 0.72 0.0
696 1.04 0.76 0.0
697 1.04 0.8 0.0
698 1.04 0.84 0.0
699 1.04 0.88 0.0
700 1.04 0.92 0.0
701 1.04 0.96 0.0
702 1.04 1.0 0.0
703 1.08 0.0 0.0
704 1.08 0.04 0.0
705 1.08 0.08 0.0
706 1.08 0.12 0.0
707 1.08 0.16 0.0
708 1.08 0.2 0.0
709 1.08 0.24 0.0
710 1.08 0.28 0.0
711 1.08 0.32 0.0
712 1.08 0.36 0.0
713 1.08 0.4 0.0
714 1.08 0.44 0.0
715 1.08 0.48 0.0
716 1.08 0.52 0.0
717 1.08 0.56 0.0
718 1.08 0.6 0.0
719 1.08 0.64 0.0
720 1.08 0.68 0.0
721 1.08 0.72 0.0
722 1.08 0.76 0.0
723 1.08 0.8 0.0
724 1.08 0.84 0.0
725 1.08 0.88 0.0
726 1.08 0.92 0.0
727 1.08 0.96 0.0
728 1.08 1.0 0.0
729 1.12 0.0 0.0
730 1.12 0.04 0.0
731 1.12 0.08 0.0
732 1.12 0.12 0.0
733 1.12 0.16 0.0
734 1.12 0.2 0.0
735 1.12 0.24 0.0
736 1.12 0.28 0.0
737 1.12 0.32 0.0
738 1.12 0.36 0.0
739 1.12 0.4 0.0
740 1.12 0.44 0.0
741 1.12 0.48 0.0
742 1.12 0.52 0.0
743 1.12 0.56 0.0
744 1.12 0.6 0.0
745 1.12 0.64 0.0
746 1.12 0.68 0.0
747 1.12 0.72 0.0
748 1.12 0.76 0.0
749 1.12 0.8 0.0
750 1.12 0.84 0.0
751 1.12 0.88 0.0
752 1.12 0.92 0.0
753 1.12 0.96 0.0
754 1.12 1.0 0.0
755 1.16 0.0 0.0
756 1.16 0.04 0.0
757 1.16 0.08 0.0
758 1.16 0.12 0.0
759 1.16 0.16 0.0
760 1.16 0.2 0.0
761 1.16 0.24 0.0
762 1.16 0.28 0.0
763 1.16 0.32 0.0
764 1.16 0.36 0.0
765 1.16 0.4 0.0
766 1.16 0.44 0.0
767 1.16 0.48 0.0
768 1.16 0.52 0.0
769 1.16 0.56 0.0
770 1.16 0.6 0.0
771 1.16 0.64 0.0
772 1.16 0.68 0.0
773 1.16 0.72 0.0
774 1.16 0.76 0.0
775 1.16 0.8 0.0
776 1.16 0.84 0.0
777 1.16 0.88 0.0
778 1.16 0.92 0.0
779 1.16 0.96 0.0
780 1.16 1.0 0.0
781 1.2 0.0 0.0
782 1.2 0.04 0.0
783 1.2 0.08 0.0
784 1.2 0.12 0.0
785 1.2 0.16 0.0
786 1.2 0.2 0.0
787 1.2 0.24 0.0
788 1.2 0.28 0.0
789 1.2 0.32 0.0
790 1.2 0.36 0.0
791 1.2 0.4 0.0
792 1.2 0.44 0.0
793 1.2 0.48 0.0
794 1.2 0.52 0.0
795 1.2 0.56 0.0
796 1.2 0.6 0.0
797 1.2 0.64 0.0
798 1.2 0.68 0.0
799 1.2 0.72 0.0
800 1.2 0.76 0.0
801 1.2 0.8 0.0
802 1.2 0.84 0.0
803 1.2 0.88 0.0
804 1.2 0.92 0.0
805 1.2 0.96 0.0
806 1.2 1.0 0.0
807 1.24 0.0 0.0
808 1.24 0.04 0.0
809 1.24 0.08 0.0
810 1.24 0.12 0.0
811 1.24 0.16 0.0
812 1.24 0.2 0.0
813 1.24 0.24 0.0
814 1.24 0.28 0.0
815 1.24 0.32 0.0
816 1.24 0.36 0.0
817 1.24 0.4 0.0
818 1.24 0.44 0.0
819 1.24 0.48 0.0
820 1.24 0.52 0.0
821 1.24 0.56 0.0
822 1.24 0.6 0.0
823 1.24 0.64 0.0
824 1.24 0.68 0.0
825 1.24 0.72 0.0
826 1.24 0.76 0.0
827 1.24 0.8 0.0
828 1.24 0.84 0.0
829 1.24 0.88 0.0
830 1.24 0.92 0.0
831 1.24 0.96 0.0
832 1.24 1.0 0.0
833 1.28 0.0 0.0
834 1.28 0.04 0.0
835 1.28 0.08 0.0
836 1.28 0.12 0.0
837 1.28 0.16 0.0
838 1.28 0.2 0.0
839 1.28 0.24 0.0
840 1.28 0.28 0.0
841 1.28 0.32 0.0
842 1.28 0.36 0.0
843 1.28 0.4 0.0
844 1.28 0.44 0.0
845 1.28 0.48 0.0
846 1.28 0.52 0.0
847 1.28 0.56 0.0
848 1.28 0.6 0.0
849 1.28 0.64 0.0
850 1.28 0.68 0.0
851 1.28 0.72 0.0
852 1.28 0.76 0.0
853 1.28 0.8 0.0
854 1.28 0.84 0.0
855 1.28 0.88 0.0
856 1.28 0.92 0.0
857 1.28 0.96 0.0
858 1.28 1.0 0.0
859 1.32 0.0 0.0
860 1.32 0.04 0.0
861 1.32 0.08 0.0
862 1.32 0.12 0.0
863 1.32 0.16 0.0
864 1.32 0.2 0.0
865 1.32 0.24 0.0
866 1.32 0.28 0.0
867 1.32 0.32 0.0
868 1.32 0.36 0.0
869 1.32 0.4 0.0
870 1.32 0.44 0.0
871 1.32 0.48 0.0
872 1.32 0.52 0.0
873 1.32 0.56 0.0
874 1.32 0.6 0.0
875 1.32 0.64 0.0
876 1.32 0.68 0.0
877 1.32 0.72 0.0
878 1.32 0.76 0.0
879 1.32 0.8 0.0
880 1.32 0.84 0.0
881 1.32 0.88 0.0
882 1.32 0.92 0.0
883 1.32 0.96 0.0
884 1.32 1.0 0.0
885 1.36 0.0 0.0
886 1.36 0.04 0.0
887 1.36 0.08 0.0
888 1.36 0.12 0.0
889 1.36 0.16 0.0
890 1.36 0.2 0.0
891 1.36 0.24 0.0
892 1.36 0.28 0.0
893 1.36 0.32 0.0
894 1.36 0.36 0.0
895 1.36 0.4 0.0
896 1.36 0.44 0.0
897 1.36 0.48 0.0
898 1.36 0.52 0.0
899 1.36 0.56 0.0
900 1.36 0.6 0.0
901 1.36 0.64 0.0
902 1.36 0.68 0.0
903 1.36 0.72 0.0
904 1.36 0.76 0.0
905 1.36 0.8 0.0
906 1.36 0.84 0.0
907 1.36 0.88 0.0
908 1.36 0.92 0.0
909 1.36 0.96 0.0
910 1.36 1.0 0.0
911 1.4 0.0 0.0
912 1.4 0.04 0.0
913 1.4 0.08 0.0
914 1.4 0.12 0.0
915 1.4 0.16 0.0
916 1.4 0.2 0.0
917 1.4 0.24 0.0
918 1.4 0.28 0.0
919 1.4 0.32 0.0
920 1.4 0.36 0.0
921 1.4 0.4 0.0
922 1.4 0.44 0.0
923 1.4 0.48 0.0
924 1.4 0.52 0.0
925 1.4 0.56 0.0
926 1.4 0.6 0.0
927 1.4 0.64 0.0
928 1.4 0.68 0.0
929 1.4 0.72 0.0
930 1.4 0.76 0.0
931 1.4 0.8 0.0
932 1.4 0.84 0.0
933 1.4 0.88 0.0
934 1.4 0.92 0.0
935 1.4 0.96 0.0
936 1.4 1.0 0.0
937 1.44 0.0 0.0
938 1.44 0.04 0.0
939 1.44 0.08 0.0
940 1.44 0.12 0.0
941 1.44 0.16 0.0
942 1.44 0.2 0.0
943 1.44 0.24 0.0
944 1.44 0.28 0.0
945 1.44 0.32 0.0
946 1.44 0.36 0.0
947 1.44 0.4 0.0
948 1.44 0.44 0.0
949 1.44 0.48 0.0
950 1.44 0.52 0.0
951 1.44 0.56 0.0
952 1.44 0.6 0.0
953 1.44 0.64 0.0
954 1.44 0.68 0.0
955 1.44 0.72 0.0
956 1.44 0.76 0.0
957 1.44 0.8 0.0
958 1.44 0.84 0.0
959 1.44 0.88 0.0
960 1.44 0.92 0.0
961 1.44 0.96 0.0
962 1.44 1.0 0.0
963 1.48 0.0 0.0
964 1.48 0.04 0.0
965 1.48 0.08 0.0
966 1.48 0.12 0.0
967 1.48 0.16 0.0
968 1.48 0.2 0.0
969 1.48 0.24 0.0
970 1.48 0.28 0.0
971 1.48 0.32 0.0
972 1.48 0.36 0.0
973 1.48 0.4 0.0
974 1.48 0.44 0.0
975 1.48 0.48 0.0
976 1.48 0.52 0.0
977 1.48 0.56 0.0
978 1.48 0.6 0.0
979 1.48 0.64 0.0
980 1.48 0.68 0.0
981 1.48 0.72 0.0
982 1.48 0.76 0.0
983 1.48 0.8 0.0
984 1.48 0.84 0.0
985 1.48 0.88 0.0
986 1.48 0.92 0.0
987 1.48 0.96 0.0
988 1.48 1.0 0.0
