339 0.52 0.0019713246713805588 0.0
340 0.52 0.04197132467138056 0.0
341 0.52 0.08197132467138056 0.0
342 0.52 0.12197132467138055 0.0
343 0.52 0.16197132467138056 0.0
344 0.52 0.20197132467138057 0.0
345 0.52 0.24197132467138055 0.0
346 0.52 0.2819713246713806 0.0
347 0.52 0.32197132467138057 0.0
348 0.52 0.36197132467138055 0.0
349 0.52 0.4019713246713806 0.0
350 0.52 0.44197132467138056 0.0
351 0.52 0.48197132467138054 0.0
352 0.52 0.5219713246713806 0.0
353 0.52 0.5619713246713807 0.0
354 0.52 0.6019713246713805 0.0
355 0.52 0.6419713246713805 0.0
356 0.52 0.6819713246713806 0.0
357 0.52 0.7219713246713806 0.0
358 0.52 0.7619713246713806 0.0
359 0.52 0.8019713246713807 0.0
360 0.52 0.8419713246713805 0.0
361 0.52 0.8819713246713805 0.0
362 0.52 0.9219713246713805 0.0
363 0.52 0.9619713246713806 0.0
364 0.52 1.0019713246713806 0.0
365 0.56 0.017555878527937163 0.0
366 0.56 0.057555878527937164 0.0
367 0.56 0.09755587852793716 0.0
368 0.56 0.13755587852793716 0.0
369 0.56 0.17755587852793717 0.0
370 0.56 0.21755587852793717 0.0
371 0.56 0.25755587852793715 0.0
372 0.56 0.2975558785279372 0.0
373 0.56 0.33755587852793717 0.0
374 0.56 0.37755587852793715 0.0
375 0.56 0.4175558785279372 0.0
376 0.56 0.45755587852793717 0.0
377 0.56 0.49755587852793715 0.0
378 0.56 0.5375558785279372 0.0
379 0.56 0.5775558785279372 0.0
380 0.56 0.6175558785279371 0.0
381 0.56 0.6575558785279372 0.0
382 0.56 0.6975558785279372 0.0
383 0.56 0.7375558785279371 0.0
384 0.56 0.7775558785279372 0.0
385 0.56 0.8175558785279372 0.0
386 0.56 0.8575558785279371 0.0
387 0.56 0.8975558785279372 0.0
388 0.56 0.9375558785279372 0.0
389 0.56 0.9775558785279371 0.0
390 0.56 1.0175558785279373 0.0
391 0.6 0.04774575140626314 0.0
392 0.6 0.08774575140626314 0.0
393 0.6 0.12774575140626315 0.0
394 0.6 0.16774575140626313 0.0
395 0.6 0.20774575140626314 0.0
396 0.6 0.24774575140626315 0.0
397 0.6 0.28774575140626313 0.0
398 0.6 0.32774575140626316 0.0
399 0.6 0.36774575140626314 0.0
400 0.6 0.4077457514062631 0.0
401 0.6 0.44774575140626316 0.0
402 0.6 0.48774575140626314 0.0
403 0.6 0.5277457514062631 0.0
404 0.6 0.5677457514062632 0.0
405 0.6 0.6077457514062632 0.0
406 0.6 0.6477457514062631 0.0
407 0.6 0.6877457514062632 0.0
408 0.6 0.7277457514062632 0.0
409 0.6 0.7677457514062631 0.0
410 0.6 0.8077457514062631 0.0
411 0.6 0.8477457514062632 0.0
412 0.6 0.8877457514062631 0.0
413 0.6 0.9277457514062631 0.0
414 0.6 0.9677457514062632 0.0
415 0.6 1.007745751406263 0.0
416 0.6 1.0477457514062631 0.0
417 0.64 0.09064400256282759 0.0
418 0.64 0.1306440025628276 0.0
419 0.64 0.17064400256282758 0.0
420 0.64 0.2106440025628276 0.0
421 0.64 0.2506440025628276 0.0
422 0.64 0.29064400256282763 0.0
423 0.64 0.33064400256282755 0.0
424 0.64 0.3706440025628276 0.0
425 0.64 0.4106440025628276 0.0
426 0.64 0.45064400256282755 0.0
427 0.64 0.4906440025628276 0.0
428 0.64 0.5306440025628276 0.0
429 0.64 0.5706440025628275 0.0
430 0.64 0.6106440025628276 0.0
431 0.64 0.6506440025628276 0.0
432 0.64 0.6906440025628275 0.0
433 0.64 0.7306440025628276 0.0
434 0.64 0.7706440025628276 0.0
435 0.64 0.8106440025628275 0.0
436 0.64 0.8506440025628276 0.0
437 0.64 0.8906440025628276 0.0
438 0.64 0.9306440025628275 0.0
439 0.64 0.9706440025628276 0.0
440 0.64 1.0106440025628276 0.0
441 0.64 1.0506440025628276 0.0
442 0.64 1.0906440025628277 0.0
443 0.68 0.1435551771087319 0.0
444 0.68 0.1835551771087319 0.0
445 0.68 0.2235551771087319 0.0
446 0.68 0.2635551771087319 0.0
447 0.68 0.3035551771087319 0.0
448 0.68 0.3435551771087319 0.0
449 0.68 0.3835551771087319 0.0
450 0.68 0.4235551771087319 0.0
451 0.68 0.4635551771087319 0.0
452 0.68 0.5035551771087319 0.0
453 0.68 0.5435551771087319 0.0
454 0.68 0.583555177108732 0.0
455 0.68 0.6235551771087319 0.0
456 0.68 0.6635551771087319 0.0
457 0.68 0.7035551771087319 0.0
458 0.68 0.7435551771087319 0.0
459 0.68 0.7835551771087319 0.0
460 0.68 0.8235551771087319 0.0
461 0.68 0.8635551771087319 0.0
462 0.68 0.9035551771087319 0.0
463 0.68 0.9435551771087319 0.0
464 0.68 0.9835551771087319 0.0
465 0.68 1.023555177108732 0.0
466 0.68 1.063555177108732 0.0
467 0.68 1.1035551771087317 0.0
468 0.68 1.1435551771087318 0.0
469 0.72 0.20315467135356877 0.0
470 0.72 0.24315467135356877 0.0
471 0.72 0.28315467135356875 0.0
472 0.72 0.3231546713535688 0.0
473 0.72 0.36315467135356877 0.0
474 0.72 0.40315467135356875 0.0
475 0.72 0.4431546713535688 0.0
476 0.72 0.4831546713535688 0.0
477 0.72 0.5231546713535687 0.0
478 0.72 0.5631546713535688 0.0
479 0.72 0.6031546713535688 0.0
480 0.72 0.6431546713535687 0.0
481 0.72 0.6831546713535688 0.0
482 0.72 0.7231546713535688 0.0
483 0.72 0.7631546713535688 0.0
484 0.72 0.8031546713535688 0.0
485 0.72 0.8431546713535688 0.0
486 0.72 0.8831546713535688 0.0
487 0.72 0.9231546713535688 0.0
488 0.72 0.9631546713535688 0.0
489 0.72 1.0031546713535688 0.0
490 0.72 1.0431546713535687 0.0
491 0.72 1.0831546713535687 0.0
492 0.72 1.1231546713535687 0.0
493 0.72 1.1631546713535688 0.0
494 0.72 1.2031546713535688 0.0
495 0.76 0.26569762988232837 0.0
496 0.76 0.30569762988232835 0.0
497 0.76 0.3456976298823284 0.0
498 0.76 0.38569762988232836 0.0
499 0.76 0.4256976298823284 0.0
500 0.76 0.4656976298823284 0.0
501 0.76 0.5056976298823284 0.0
502 0.76 0.5456976298823284 0.0
503 0.76 0.5856976298823284 0.0
504 0.76 0.6256976298823284 0.0
505 0.76 0.6656976298823284 0.0
506 0.76 0.7056976298823283 0.0
507 0.76 0.7456976298823283 0.0
508 0.76 0.7856976298823284 0.0
509 0.76 0.8256976298823284 0.0
510 0.76 0.8656976298823283 0.0
511 0.76 0.9056976298823284 0.0
512 0.76 0.9456976298823284 0.0
513 0.76 0.9856976298823283 0.0
514 0.76 1.0256976298823284 0.0
515 0.76 1.0656976298823284 0.0
516 0.76 1.1056976298823282 0.0
517 0.76 1.1456976298823283 0.0
518 0.76 1.1856976298823283 0.0
519 0.76 1.2256976298823283 0.0
520 0.76 1.2656976298823284 0.0
521 0.8 0.32725424859373686 0.0
522 0.8 0.36725424859373684 0.0
523 0.8 0.4072542485937369 0.0
524 0.8 0.44725424859373686 0.0
525 0.8 0.4872542485937369 0.0
526 0.8 0.5272542485937368 0.0
527 0.8 0.5672542485937369 0.0
528 0.8 0.6072542485937369 0.0
529 0.8 0.6472542485937369 0.0
530 0.8 0.6872542485937368 0.0
531 0.8 0.7272542485937369 0.0
532 0.8 0.7672542485937368 0.0
533 0.8 0.8072542485937368 0.0
534 0.8 0.8472542485937369 0.0
535 0.8 0.8872542485937369 0.0
536 0.8 0.9272542485937368 0.0
537 0.8 0.9672542485937369 0.0
538 0.8 1.0072542485937368 0.0
539 0.8 1.0472542485937368 0.0
540 0.8 1.0872542485937369 0.0
541 0.8 1.127254248593737 0.0
542 0.8 1.167254248593737 0.0
543 0.8 1.207254248593737 0.0
544 0.8 1.247254248593737 0.0
545 0.8 1.2872542485937368 0.0
546 0.8 1.3272542485937369 0.0
547 0.84 0.38395669874474914 0.0
548 0.84 0.4239566987447491 0.0
549 0.84 0.46395669874474915 0.0
550 0.84 0.5039566987447491 0.0
551 0.84 0.5439566987447492 0.0
552 0.84 0.5839566987447491 0.0
553 0.84 0.6239566987447491 0.0
554 0.84 0.6639566987447492 0.0
555 0.84 0.7039566987447492 0.0
556 0.84 0.7439566987447491 0.0
557 0.84 0.7839566987447492 0.0
558 0.84 0.8239566987447491 0.0
559 0.84 0.8639566987447491 0.0
560 0.84 0.9039566987447492 0.0
561 0.84 0.9439566987447492 0.0
562 0.84 0.9839566987447491 0.0
563 0.84 1.0239566987447493 0.0
564 0.84 1.0639566987447493 0.0
565 0.84 1.103956698744749 0.0
566 0.84 1.1439566987447491 0.0
567 0.84 1.1839566987447492 0.0
568 0.84 1.223956698744749 0.0
569 0.84 1.263956698744749 0.0
570 0.84 1.303956698744749 0.0
571 0.84 1.343956698744749 0.0
572 0.84 1.3839566987447491 0.0
573 0.88 0.43224215685535283 0.0
574 0.88 0.4722421568553528 0.0
575 0.88 0.5122421568553528 0.0
576 0.88 0.5522421568553528 0.0
577 0.88 0.5922421568553529 0.0
578 0.88 0.6322421568553529 0.0
579 0.88 0.6722421568553528 0.0
580 0.88 0.7122421568553529 0.0
581 0.88 0.7522421568553528 0.0
582 0.88 0.7922421568553528 0.0
583 0.88 0.8322421568553529 0.0
584 0.88 0.8722421568553529 0.0
585 0.88 0.9122421568553528 0.0
586 0.88 0.9522421568553529 0.0
587 0.88 0.9922421568553529 0.0
588 0.88 1.0322421568553528 0.0
589 0.88 1.0722421568553528 0.0
590 0.88 1.1122421568553529 0.0
591 0.88 1.152242156855353 0.0
592 0.88 1.192242156855353 0.0
593 0.88 1.232242156855353 0.0
594 0.88 1.2722421568553528 0.0
595 0.88 1.3122421568553528 0.0
596 0.88 1.3522421568553529 0.0
597 0.88 1.3922421568553527 0.0
598 0.88 1.4322421568553527 0.0
599 0.92 0.46907667001096587 0.0
600 0.92 0.5090766700109659 0.0
601 0.92 0.5490766700109658 0.0
602 0.92 0.5890766700109659 0.0
603 0.92 0.6290766700109659 0.0
604 0.92 0.6690766700109658 0.0
605 0.92 0.7090766700109659 0.0
606 0.92 0.7490766700109659 0.0
607 0.92 0.7890766700109659 0.0
608 0.92 0.8290766700109659 0.0
609 0.92 0.8690766700109659 0.0
610 0.92 0.9090766700109658 0.0
611 0.92 0.9490766700109659 0.0
612 0.92 0.9890766700109659 0.0
613 0.92 1.029076670010966 0.0
614 0.92 1.0690766700109657 0.0
615 0.92 1.1090766700109658 0.0
616 0.92 1.1490766700109658 0.0
617 0.92 1.1890766700109658 0.0
618 0.92 1.2290766700109659 0.0
619 0.92 1.269076670010966 0.0
620 0.92 1.309076670010966 0.0
621 0.92 1.349076670010966 0.0
622 0.92 1.389076670010966 0.0
623 0.92 1.4290766700109658 0.0
624 0.92 1.4690766700109659 0.0
625 0.96 0.49214579028215777 0.0
626 0.96 0.5321457902821578 0.0
627 0.96 0.5721457902821577 0.0
628 0.96 0.6121457902821578 0.0
629 0.96 0.6521457902821578 0.0
630 0.96 0.6921457902821577 0.0
631 0.96 0.7321457902821578 0.0
632 0.96 0.7721457902821578 0.0
633 0.96 0.8121457902821578 0.0
634 0.96 0.8521457902821578 0.0
635 0.96 0.8921457902821578 0.0
636 0.96 0.9321457902821577 0.0
637 0.96 0.9721457902821578 0.0
638 0.96 1.0121457902821578 0.0
639 0.96 1.0521457902821578 0.0
640 0.96 1.0921457902821579 0.0
641 0.96 1.132145790282158 0.0
642 0.96 1.172145790282158 0.0
643 0.96 1.2121457902821577 0.0
644 0.96 1.2521457902821578 0.0
645 0.96 1.2921457902821578 0.0
646 0.96 1.3321457902821576 0.0
647 0.96 1.3721457902821577 0.0
648 0.96 1.4121457902821577 0.0
649 0.96 1.4521457902821577 0.0
650 0.96 1.4921457902821578 0.0
651 1.0 0.5 0.0
652 1.0 0.54 0.0
653 1.0 0.58 0.0
654 1.0 0.62 0.0
655 1.0 0.66 0.0
656 1.0 0.7 0.0
657 1.0 0.74 0.0
658 1.0 0.78 0.0
659 1.0 0.8200000000000001 0.0
660 1.0 0.86 0.0
661 1.0 0.9 0.0
662 1.0 0.94 0.0
663 1.0 0.98 0.0
664 1.0 1.02 0.0
665 1.0 1.06 0.0
666 1.0 1.1 0.0
667 1.0 1.1400000000000001 0.0
668 1.0 1.1800000000000002 0.0
669 1.0 1.22 0.0
670 1.0 1.26 0.0
671 1.0 1.3 0.0
672 1.0 1.3399999999999999 0.0
673 1.0 1.38 0.0
674 1.0 1.42 0.0
675 1.0 1.46 0.0
676 1.0 1.5 0.0
677 1.04 0.49214579028215777 0.0
678 1.04 0.5321457902821578 0.0
679 1.04 0.5721457902821577 0.0
680 1.04 0.6121457902821578 0.0
681 1.04 0.6521457902821578 0.0
682 1.04 0.6921457902821577 0.0
683 1.04 0.7321457902821578 0.0
684 1.04 0.7721457902821578 0.0
685 1.04 0.8121457902821578 0.0
686 1.04 0.8521457902821578 0.0
687 1.04 0.8921457902821578 0.0
688 1.04 0.9321457902821577 0.0
689 1.04 0.9721457902821578 0.0
690 1.04 1.0121457902821578 0.0
691 1.04 1.0521457902821578 0.0
692 1.04 1.0921457902821579 0.0
693 1.04 1.132145790282158 0.0
694 1.04 1.172145790282158 0.0
695 1.04 1.2121457902821577 0.0
696 1.04 1.2521457902821578 0.0
697 1.04 1.2921457902821578 0.0
698 1.04 1.3321457902821576 0.0
699 1.04 1.3721457902821577 0.0
700 1.04 1.4121457902821577 0.0
701 1.04 1.4521457902821577 0.0
702 1.04 1.4921457902821578 0.0
703 1.08 0.46907667001096587 0.0
704 1.08 0.5090766700109659 0.0
705 1.08 0.5490766700109658 0.0
706 1.08 0.5890766700109659 0.0
707 1.08 0.6290766700109659 0.0
708 1.08 0.6690766700109658 0.0
709 1.08 0.7090766700109659 0.0
710 1.08 0.7490766700109659 0.0
711 1.08 0.7890766700109659 0.0
712 1.08 0.8290766700109659 0.0
713 1.08 0.8690766700109659 0.0
714 1.08 0.9090766700109658 0.0
715 1.08 0.9490766700109659 0.0
716 1.08 0.9890766700109659 0.0
717 1.08 1.029076670010966 0.0
718 1.08 1.0690766700109657 0.0
719 1.08 1.1090766700109658 0.0
720 1.08 1.1490766700109658 0.0
721 1.08 1.1890766700109658 0.0
722 1.08 1.2290766700109659 0.0
723 1.08 1.269076670010966 0.0
724 1.08 1.309076670010966 0.0
725 1.08 1.349076670010966 0.0
726 1.08 1.389076670010966 0.0
727 1.08 1.4290766700109658 0.0
728 1.08 1.4690766700109659 0.0
729 1.12 0.43224215685535283 0.0
730 1.12 0.4722421568553528 0.0
731 1.12 0.5122421568553528 0.0
732 1.12 0.5522421568553528 0.0
733 1.12 0.5922421568553529 0.0
734 1.12 0.6322421568553529 0.0
735 1.12 0.6722421568553528 0.0
736 1.12 0.7122421568553529 0.0
737 1.12 0.7522421568553528 0.0
738 1.12 0.7922421568553528 0.0
739 1.12 0.8322421568553529 0.0
740 1.12 0.8722421568553529 0.0
741 1.12 0.9122421568553528 0.0
742 1.12 0.9522421568553529 0.0
743 1.12 0.9922421568553529 0.0
744 1.12 1.0322421568553528 0.0
745 1.12 1.0722421568553528 0.0
746 1.12 1.1122421568553529 0.0
747 1.12 1.152242156855353 0.0
748 1.12 1.192242156855353 0.0
749 1.12 1.232242156855353 0.0
750 1.12 1.2722421568553528 0.0
751 1.12 1.3122421568553528 0.0
752 1.12 1.3522421568553529 0.0
753 1.12 1.3922421568553527 0.0
754 1.12 1.4322421568553527 0.0
755 1.16 0.38395669874474925 0.0
756 1.16 0.4239566987447492 0.0
757 1.16 0.46395669874474926 0.0
758 1.16 0.5039566987447492 0.0
759 1.16 0.5439566987447493 0.0
760 1.16 0.5839566987447493 0.0
761 1.16 0.6239566987447492 0.0
762 1.16 0.6639566987447493 0.0
763 1.16 0.7039566987447492 0.0
764 1.16 0.7439566987447492 0.0
765 1.16 0.7839566987447493 0.0
766 1.16 0.8239566987447493 0.0
767 1.16 0.8639566987447492 0.0
768 1.16 0.9039566987447493 0.0
769 1.16 0.9439566987447493 0.0
770 1.16 0.9839566987447492 0.0
771 1.16 1.0239566987447493 0.0
772 1.16 1.0639566987447493 0.0
773 1.16 1.1039566987447493 0.0
774 1.16 1.1439566987447494 0.0
775 1.16 1.1839566987447494 0.0
776 1.16 1.2239566987447492 0.0
777 1.16 1.2639566987447493 0.0
778 1.16 1.3039566987447493 0.0
779 1.16 1.343956698744749 0.0
780 1.16 1.3839566987447491 0.0
781 1.2 0.32725424859373686 0.0
782 1.2 0.36725424859373684 0.0
783 1.2 0.4072542485937369 0.0
784 1.2 0.44725424859373686 0.0
785 1.2 0.4872542485937369 0.0
786 1.2 0.5272542485937368 0.0
787 1.2 0.5672542485937369 0.0
788 1.2 0.6072542485937369 0.0
789 1.2 0.6472542485937369 0.0
790 1.2 0.6872542485937368 0.0
791 1.2 0.7272542485937369 0.0
792 1.2 0.7672542485937368 0.0
793 1.2 0.8072542485937368 0.0
794 1.2 0.8472542485937369 0.0
795 1.2 0.8872542485937369 0.0
796 1.2 0.9272542485937368 0.0
797 1.2 0.9672542485937369 0.0
798 1.2 1.0072542485937368 0.0
799 1.2 1.0472542485937368 0.0
800 1.2 1.0872542485937369 0.0
801 1.2 1.127254248593737 0.0
802 1.2 1.167254248593737 0.0
803 1.2 1.207254248593737 0.0
804 1.2 1.247254248593737 0.0
805 1.2 1.2872542485937368 0.0
806 1.2 1.3272542485937369 0.0
807 1.24 0.2656976298823283 0.0
808 1.24 0.3056976298823283 0.0
809 1.24 0.34569762988232833 0.0
810 1.24 0.3856976298823283 0.0
811 1.24 0.4256976298823283 0.0
812 1.24 0.4656976298823283 0.0
813 1.24 0.5056976298823284 0.0
814 1.24 0.5456976298823284 0.0
815 1.24 0.5856976298823283 0.0
816 1.24 0.6256976298823282 0.0
817 1.24 0.6656976298823283 0.0
818 1.24 0.7056976298823283 0.0
819 1.24 0.7456976298823283 0.0
820 1.24 0.7856976298823284 0.0
821 1.24 0.8256976298823284 0.0
822 1.24 0.8656976298823282 0.0
823 1.24 0.9056976298823283 0.0
824 1.24 0.9456976298823283 0.0
825 1.24 0.9856976298823283 0.0
826 1.24 1.0256976298823284 0.0
827 1.24 1.0656976298823284 0.0
828 1.24 1.1056976298823282 0.0
829 1.24 1.1456976298823283 0.0
830 1.24 1.1856976298823283 0.0
831 1.24 1.2256976298823283 0.0
832 1.24 1.2656976298823284 0.0
833 1.28 0.20315467135356893 0.0
834 1.28 0.24315467135356894 0.0
835 1.28 0.2831546713535689 0.0
836 1.28 0.3231546713535689 0.0
837 1.28 0.36315467135356894 0.0
838 1.28 0.40315467135356897 0.0
839 1.28 0.4431546713535689 0.0
840 1.28 0.48315467135356893 0.0
841 1.28 0.523154671353569 0.0
842 1.28 0.5631546713535689 0.0
843 1.28 0.6031546713535689 0.0
844 1.28 0.643154671353569 0.0
845 1.28 0.6831546713535689 0.0
846 1.28 0.7231546713535689 0.0
847 1.28 0.763154671353569 0.0
848 1.28 0.8031546713535689 0.0
849 1.28 0.8431546713535689 0.0
850 1.28 0.883154671353569 0.0
851 1.28 0.9231546713535689 0.0
852 1.28 0.9631546713535689 0.0
853 1.28 1.003154671353569 0.0
854 1.28 1.0431546713535689 0.0
855 1.28 1.083154671353569 0.0
856 1.28 1.123154671353569 0.0
857 1.28 1.163154671353569 0.0
858 1.28 1.203154671353569 0.0
859 1.32 0.14355517710873184 0.0
860 1.32 0.18355517710873184 0.0
861 1.32 0.22355517710873185 0.0
862 1.32 0.26355517710873183 0.0
863 1.32 0.3035551771087318 0.0
864 1.32 0.34355517710873185 0.0
865 1.32 0.3835551771087318 0.0
866 1.32 0.42355517710873186 0.0
867 1.32 0.46355517710873184 0.0
868 1.32 0.5035551771087319 0.0
869 1.32 0.5435551771087319 0.0
870 1.32 0.5835551771087318 0.0
871 1.32 0.6235551771087318 0.0
872 1.32 0.6635551771087318 0.0
873 1.32 0.7035551771087318 0.0
874 1.32 0.7435551771087319 0.0
875 1.32 0.7835551771087319 0.0
876 1.32 0.8235551771087319 0.0
877 1.32 0.8635551771087318 0.0
878 1.32 0.9035551771087318 0.0
879 1.32 0.9435551771087318 0.0
880 1.32 0.9835551771087319 0.0
881 1.32 1.023555177108732 0.0
882 1.32 1.063555177108732 0.0
883 1.32 1.1035551771087317 0.0
884 1.32 1.1435551771087318 0.0
885 1.36 0.09064400256282751 0.0
886 1.36 0.13064400256282752 0.0
887 1.36 0.17064400256282752 0.0
888 1.36 0.2106440025628275 0.0
889 1.36 0.2506440025628275 0.0
890 1.36 0.2906440025628275 0.0
891 1.36 0.3306440025628275 0.0
892 1.36 0.37064400256282753 0.0
893 1.36 0.4106440025628275 0.0
894 1.36 0.4506440025628275 0.0
895 1.36 0.49064400256282753 0.0
896 1.36 0.5306440025628275 0.0
897 1.36 0.5706440025628274 0.0
898 1.36 0.6106440025628275 0.0
899 1.36 0.6506440025628275 0.0
900 1.36 0.6906440025628275 0.0
901 1.36 0.7306440025628276 0.0
902 1.36 0.7706440025628276 0.0
903 1.36 0.8106440025628274 0.0
904 1.36 0.8506440025628275 0.0
905 1.36 0.8906440025628275 0.0
906 1.36 0.9306440025628275 0.0
907 1.36 0.9706440025628276 0.0
908 1.36 1.0106440025628276 0.0
909 1.36 1.0506440025628274 0.0
910 1.36 1.0906440025628275 0.0
911 1.4 0.047745751406263304 0.0
912 1.4 0.08774575140626331 0.0
913 1.4 0.12774575140626332 0.0
914 1.4 0.1677457514062633 0.0
915 1.4 0.2077457514062633 0.0
916 1.4 0.24774575140626331 0.0
917 1.4 0.2877457514062633 0.0
918 1.4 0.32774575140626333 0.0
919 1.4 0.3677457514062633 0.0
920 1.4 0.4077457514062633 0.0
921 1.4 0.4477457514062633 0.0
922 1.4 0.4877457514062633 0.0
923 1.4 0.5277457514062633 0.0
924 1.4 0.5677457514062634 0.0
925 1.4 0.6077457514062634 0.0
926 1.4 0.6477457514062632 0.0
927 1.4 0.6877457514062633 0.0
928 1.4 0.7277457514062633 0.0
929 1.4 0.7677457514062633 0.0
930 1.4 0.8077457514062634 0.0
931 1.4 0.8477457514062634 0.0
932 1.4 0.8877457514062632 0.0
933 1.4 0.9277457514062633 0.0
934 1.4 0.9677457514062633 0.0
935 1.4 1.0077457514062633 0.0
936 1.4 1.0477457514062634 0.0
937 1.44 0.01755587852793722 0.0
938 1.44 0.05755587852793722 0.0
939 1.44 0.09755587852793722 0.0
940 1.44 0.13755587852793721 0.0
941 1.44 0.17755587852793722 0.0
942 1.44 0.21755587852793723 0.0
943 1.44 0.2575558785279372 0.0
944 1.44 0.29755587852793725 0.0
945 1.44 0.3375558785279372 0.0
946 1.44 0.3775558785279372 0.0
947 1.44 0.41755587852793724 0.0
948 1.44 0.4575558785279372 0.0
949 1.44 0.4975558785279372 0.0
950 1.44 0.5375558785279373 0.0
951 1.44 0.5775558785279373 0.0
952 1.44 0.6175558785279371 0.0
953 1.44 0.6575558785279372 0.0
954 1.44 0.6975558785279372 0.0
955 1.44 0.7375558785279372 0.0
956 1.44 0.7775558785279373 0.0
957 1.44 0.8175558785279373 0.0
958 1.44 0.8575558785279371 0.0
959 1.44 0.8975558785279372 0.0
960 1.44 0.9375558785279372 0.0
961 1.44 0.9775558785279372 0.0
962 1.44 1.0175558785279373 0.0
963 1.48 0.0019713246713805588 0.0
964 1.48 0.04197132467138056 0.0
965 1.48 0.08197132467138056 0.0
966 1.48 0.12197132467138055 0.0
967 1.48 0.16197132467138056 0.0
968 1.48 0.20197132467138057 0.0
969 1.48 0.24197132467138055 0.0
970 1.48 0.2819713246713806 0.0
971 1.48 0.32197132467138057 0.0
972 1.48 0.36197132467138055 0.0
973 1.48 0.4019713246713806 0.0
974 1.48 0.44197132467138056 0.0
975 1.48 0.48197132467138054 0.0
976 1.48 0.5219713246713806 0.0
977 1.48 0.5619713246713807 0.0
978 1.48 0.6019713246713805 0.0
979 1.48 0.6419713246713805 0.0
980 1.48 0.6819713246713806 0.0
981 1.48 0.7219713246713806 0.0
982 1.48 0.7619713246713806 0.0
983 1.48 0.8019713246713807 0.0
984 1.48 0.8419713246713805 0.0
985 1.48 0.8819713246713805 0.0
986 1.48 0.9219713246713805 0.0
987 1.48 0.9619713246713806 0.0
988 1.48 1.0019713246713806 0.0
